0.00022301601668672788
0.005500393348941479
0.006522775885582366
0.009867192449416917
0.013356508674495227
0.01992076958312683
0.020423948311746987
0.02780786794583634
0.03277767397844311
0.03310246239449466
0.03719251879882679
0.048616446692328785
0.05296252542572788
0.05367940762322765
0.057380152522645056
0.06572742754696459
0.08076069645716855
0.08236284612544431
0.08387711765861516
0.08625825509858831
0.08710785611512228
0.09853985093320639
0.10319795947362609
0.11056001565872231
0.11853076206543911
0.13226393642622547
0.13309492039051585
0.13389054233286313
0.13431854332571802
0.13469633349086685
0.13758700134810986
0.152205254991144
0.153675858948504
0.1556453662288243
0.15867494903095358
0.15904736887564597
0.1658749783772595
0.1826620289565004
0.1934931694085814
0.19847556887810758
0.19986297027174116
0.20506576091929318
0.2241804204534884
0.2487237790816822
0.2527239828712483
0.2546931381366099
0.25814846918796075
0.2613529910102892
0.2623570419165999
0.27161970713229167
0.2718502805881218
0.2728977413797051
0.2743104767170197
0.28233179071910863
0.28953322977065477
0.2976507035456176
0.3045476974880553
0.3051550228812626
0.3133367227641495
0.3242816083329084
0.3268975633238873
0.35110621868401426
0.35896112204842756
0.3860977767060665
0.3911830067484081
0.3929978571109476
0.3966453030896462
0.4062279130898727
0.4193117325126977
0.42133916021185625
0.42264490426208945
0.4328768104423295
0.43564539725368046
0.44179957242363177
0.44474432892980775
0.45676562281647526
0.45879097865045326
0.46542597955957976
0.49736737259160946
0.5069652141772159
0.5518092805638377
0.5699392100085237
0.5915169991805647
0.6008958655018446
0.6088698261854875
0.615200663559275
0.6190429738201684
0.6545856887902515
0.6636928095551629
0.6944303616555962
0.7069248811411244
0.7483712280351851
0.7778196668680971
0.8041256840065671
0.8080778005591489
0.8152460352740091
0.8192440113738898
0.8643915608972865
0.9072718113954185
0.948501396439274
