0.004201333582827947
0.005709371807756001
0.007245490101885657
0.010068912246946062
0.017480375013749463
0.019192085155704995
0.020875342555062095
0.02947254507660631
0.035132250525047655
0.038806745886880836
0.04874659956099948
0.04938129131415912
0.04997512343753878
0.05255546898973181
0.05266247209528552
0.06442704396652124
0.06876729203803028
0.07456212730150114
0.08181503912039903
0.08443195204894542
0.11550443427223406
0.1394693669439429
0.1532025439148499
0.1547581125952733
0.15579183549306166
0.1587179070589905
0.16064242931300451
0.16234478413753411
0.1750705758123542
0.18193028523236104
0.1843477474782513
0.18784729694921273
0.19299460902785587
0.19323954287008704
0.21791948856200677
0.2218017496334508
0.22285418601392032
0.24300811031161684
0.25058301293245355
0.2508576244084698
0.27306174595028176
0.27697930268775195
0.27948541503177926
0.29345692752906566
0.3372687755371442
0.34356889372283406
0.34485605872900205
0.3455579203482006
0.35271594532504424
0.35481325496835575
0.3654983989763772
0.37730224707764765
0.380007578309722
0.3868547464579581
0.42079648114744145
0.4388710386277147
0.4456666763557717
0.4573231898779283
0.46424913915131033
0.4830064449723435
0.48971726784184383
0.49235902626540795
0.4954906511540476
0.49951772650028275
0.5131780106803832
0.5150306005204851
0.5293581447421831
0.5310305127763925
0.5499290065628356
0.5872706688173561
0.5874931239981364
0.6099058426503432
0.619252944818283
0.625700850972968
0.6423686237569342
0.7198751937042525
0.7429731581665975
0.755047921033559
0.7669936340655537
0.7797504326713137
0.8033487321352646
0.810516433582041
0.8553198907388153
0.856808885378474
0.8696553035263257
0.9238506272026624
0.9877618727724647
1.0280338991319997
1.0600369919582284
1.1405848542574322
1.1731848191100844
1.1952754503330778
1.240933420788124
1.2621497945136846
1.3135365930714331
1.3528265381157512
1.408330461163458
1.4405054419070886
1.4941878360536127
1.8869709932786733
