0.01863833393804269
0.019928773047732815
0.025051548487664388
0.032201814185608184
0.036938626766311614
0.03814047357305127
0.05550196338706679
0.060106664305849516
0.07652988051633564
0.0838378314759107
0.08942174662561933
0.09616457708035808
0.11121581035622483
0.11757472354051957
0.13314515367645283
0.139567787136697
0.23074594664967596
0.24904021703261744
0.28452650569688775
0.3016846743547674
0.3421036374094275
0.35807143345159415
0.3691634589655941
0.3713857481373015
0.3735564880452415
0.3825247967142366
0.38761849739764376
0.41474125765846753
0.4233140859013689
0.436831713907884
0.45414257135120617
0.45793375610926185
0.47342686148101537
0.48388597090348795
0.5128846253466832
0.537059164811098
0.5403400482998325
0.5637208298921539
0.5648794167673675
0.616350302850059
0.6256154455989346
0.6628492971812993
0.6785399379974404
0.6865244681624373
0.7139513584843918
0.7211062996497135
0.7317369249048614
0.7321837263302989
0.750296407597316
0.8017025293714761
0.8133819009984796
0.8141728971936362
0.8184796962460308
0.8422930380816329
0.8474436276161293
0.8541109559680424
0.8901378196213742
0.9000567789445343
0.9938996988194158
1.0893835453986782
1.1366309716695104
1.1735768101175084
1.219460671894387
1.2197776931015922
1.241362540485254
1.2596721995924607
1.269360807870039
1.2893898235330385
1.3975928534575837
1.4075532037400358
1.4131159360914303
1.4435910462130117
1.4474520139615603
1.4532905376330791
1.4931384677334265
1.5378122708966255
1.6638678933944775
1.7649781866963916
1.7661933124274314
1.8635887765615307
1.890319685825237
1.9355999241936166
1.9548415851117478
1.9795523562816686
2.098743767166959
2.2134190449835294
2.2581398899391902
2.25842903315797
2.2959633829238433
2.4310988470973522
2.490729057067067
2.689089238102091
2.704086306213718
2.9491125483886744
2.99417502605516
3.6017926771483824
4.176967556128633
4.875253100733572
5.138565966665399
5.347427705660859
