0.010786173873423621
0.011408974676180628
0.011892112719034453
0.019721095258065313
0.021476964565034673
0.02544426207729611
0.050658632125548
0.061718685421377484
0.06703403205477032
0.06720780169658291
0.08050182333128564
0.10549824726188584
0.12134867693976092
0.14146509285076447
0.14380362979106975
0.1488737577413679
0.15053873041958776
0.153660059635079
0.1551310592480768
0.1592606392970488
0.1982256487491565
0.2058001211300372
0.21827665973428667
0.23101193351899008
0.2333194840652858
0.2451644154199295
0.2624233687230394
0.2643343473378508
0.27165389847450594
0.27532623871403183
0.28239907523824515
0.2882926375270789
0.2901035344770909
0.3002893918947711
0.30078396493268644
0.3071615731509272
0.3072934817083899
0.3073090431696196
0.32793703412568853
0.36785971878688717
0.37843639782278227
0.3845173980255865
0.38847209823350226
0.41936894504861955
0.429908405688869
0.4311691156039369
0.455359277905931
0.4616110057541172
0.4793640149241084
0.4815763991266002
0.49367726831989567
0.5062679995536251
0.5139330203614247
0.5271177135144439
0.5313417776746137
0.5335421405682778
0.5341619607685525
0.5522001744321133
0.5583310218421877
0.5735284162999007
0.579068425753564
0.583466170988785
0.588366265503621
0.6018640857309467
0.6033930032754493
0.6080809390498505
0.6082272974884926
0.6228625087003028
0.623118011777517
0.6241198709886889
0.6268807576521138
0.6592621590238116
0.674242086506805
0.701845802840968
0.7232099152520877
0.7315168372334955
0.7317695644061988
0.7490592506256271
0.753418366508425
0.7659326910201839
0.7931948524982807
0.7989187032326579
0.8092288687527492
0.8203258562783177
0.8249187644446921
0.8258406604621219
0.837706255650519
0.8607327802831145
0.8607369033920541
0.862305137076252
0.8776122948489803
0.8827915990091176
0.9052301057840144
0.920410521616653
0.9508724791693741
0.9584743834788958
0.9670481130950986
0.9763019298320231
0.9788178132648548
0.9913088438480009
