3.501560641439028e-08
1.0485111034963523e-07
5.567617173962702e-07
6.985069042064751e-07
1.0120866179574861e-06
1.4125853168289737e-06
7.005818969285649e-06
1.5019406508387512e-05
1.720964033857797e-05
2.583128265265522e-05
0.00013245647183657283
0.00031989485731276357
0.0004439423735510539
0.0004739232872077448
0.000857017926336523
0.001006037229789758
0.001391098975613625
0.001886008137726658
0.0020721805985917108
0.0024966186733251794
0.0028062847283683023
0.0030750081372993288
0.0034388230168780343
0.004536610478460101
0.005498828906727815
0.007145399356260684
0.009225047486084992
0.01292497676075266
0.015224623662029368
0.017613003064807065
0.02115669251256891
0.02666209686701837
0.030164855546148228
0.039499948119104955
0.046356693778271674
0.06361662657018852
0.08257335521610254
0.0846997893763658
0.09899326558969868
0.10456220594110421
0.11255652696074014
0.13565838197590863
0.1440171921414818
0.1595133003282777
0.16384004779468508
0.18968316338839852
0.19773747394057428
0.2272369763699187
0.2656583123238514
0.4210662944141771
0.43125896484843973
0.43166158206664784
0.4442874333276564
0.47246086786365715
0.47631579277312086
0.5048301242291502
0.512337520841751
0.5350031330897567
0.5997139211025566
0.6002594628660913
0.6444496630544129
0.6489105247869397
0.7705103180637638
0.771556631426167
0.7740474492035312
0.826680086268742
0.8499758739327878
0.9052249676304968
0.9339193076329362
0.9373606860617041
0.9482841785192135
0.9715087361416465
0.974821135956994
0.9748988384240724
0.9803119687566442
0.985420952058454
0.9861126120806749
0.9889293415636989
0.9978267441806387
0.998733011359596
0.9988856769751662
0.9989960295179802
0.999541227045015
0.9997469954273295
0.9998694425677128
0.9999182653476527
0.9999915196591886
0.9999973349722647
0.999999487490841
0.999999902178557
0.9999999794174684
0.9999999998286707
0.9999999999965158
0.9999999999996947
0.9999999999999996
1.0
1.0
1.0
1.0
1.0
