4.4101727799274945e-05
5.3090375273226944e-05
0.0012609714873449234
0.001398330336695078
0.0016897932292515218
0.0022912142870449717
0.002677272197932766
0.0063259489216807895
0.007299135451878574
0.007929961133055195
0.014043028048531279
0.014505692854479254
0.01586418708412529
0.022889987303301367
0.02420537972748594
0.026117701799433162
0.028367397795173603
0.03300397918969411
0.04385701265571174
0.04464981902259249
0.05020888912267202
0.050721142535641604
0.06385141046726828
0.0836157364389791
0.08422017415766618
0.09520705020162162
0.09885367394584943
0.09973189577914353
0.10899278324288898
0.10925977051892534
0.12576503239995332
0.13343596211865583
0.156322482054407
0.15828202749210807
0.16161926615098837
0.1906022574715661
0.20601279527415425
0.2147182030261221
0.21982418520602665
0.23977634387131663
0.26284048055171777
0.2871150000836606
0.295305086705602
0.3417705722407797
0.3481046475587978
0.3538335939072499
0.35629825795044234
0.36889561961250034
0.38649732580838825
0.42233104984966613
0.44198912797285483
0.4880704076919742
0.4902337964964221
0.6332139867858357
0.6402734189572402
0.784455582873008
0.8145349733914495
0.8367221428976421
0.8751432761792297
0.891039536209983
0.9031910482521205
0.9618631393813399
1.0115835084701124
1.116983224805762
1.1790987352619324
1.2020485543362383
1.273881243142737
1.3644167639085123
1.4330019380740482
1.4514667939053496
1.7059709508713972
1.7282685560503683
1.8544015528399247
2.0025220720402857
2.1006229327400363
2.108175468527535
2.32869294859904
2.7216422452630433
2.892448651937513
3.1179312484484374
3.28310715208398
3.351419898476241
3.877664391368424
3.8939426988979595
3.899410840191239
4.043290118442886
4.253957853956625
4.396409801424007
4.4654482433134435
4.760396732934364
5.085359566426548
7.0845540101460855
8.746587349121139
8.942587730031304
9.111801989089313
10.264501214781891
11.184706900705509
13.873746002383031
22.19361107647924
23.458830261333006
